-80.1430621685
-170.221988532
-102.395855611
-158.332852907
-78.4274221489
-80.0210414961
-145.157342469
-103.512757162
-85.7146655565
-50.7126299269
-59.9869628047
-104.836732211
-81.5743501142
-240.202196667
-80.0072147254
-106.343938934
-63.8416126954
-121.69055043
-121.33871699
-109.822851749
-121.560559303
-138.141208256
-152.71265472
-102.417222329
-123.711560477
-70.5937108259
-22.5072635262
-36.138619439
-80.3968472294
-66.2753206614
-64.9196278015
-55.1449882561
-81.7387950569
-34.4031705077
-56.7024673681
-72.4519019033
-50.4414649108
-34.3346799253
-110.319836935
-85.3970406918
-82.8406509768
-115.716203244
-116.265080245
-72.7243969361
-116.022089367
-326.025084254
-68.6558049476
-43.021509322
-70.722400325
-52.9301623471
-82.382967624
-115.658660555
-71.119575889
-81.9952259302
-102.177885542
-164.835580055
-101.76206435
-117.323794789
-129.656785223
-94.7813755304
-116.725333326
-164.334896764
-105.532533193
-58.2779579612
-76.889308527
-73.3735628958
-91.3125735011
-121.06157843
-150.309299716
-66.5953496015
-73.4417946954
-137.577189771
-148.235165251
-111.019984951
-47.9752891142
-68.6140381267
-61.504782148
-53.336287401
-80.9280263198
-63.0595978277
-43.7366834565
-119.904701973
-56.740502133
-72.49699352
-107.17237466
-43.0605222586
-46.5071992791
-40.7968792045
-75.9034670611
-134.309094858
-60.0701598323
-70.5272428119
-119.7987798
-103.521979046
-86.2317592453
-115.975873657
-79.504137541
-113.774658202
-78.6859735982
-44.43680932
-140.55231718
-82.7256313607
-83.029295418
-87.0427147945
-106.417600986
-94.3133036383
-70.2359412816
-160.767436243
-187.635757681
-105.895544819
-65.3483782996
-112.909312813
-59.8206974911
-82.4006665636
-41.7273666495
-73.7633995983
-82.4352170668
-115.011982572
-71.4965758513
-27.5785967197
-37.9260760578
-89.3127184125
-113.977517837
-100.382026222
-26.8507775095
-101.308131102
-104.686696163
-61.2918636803
-141.128952933
-123.642705881
-118.034999659
-151.189316284
-72.5537191021
-119.640569252
-92.0400897133
-94.7527866191
-108.890657651
-91.6099028029
-55.2853919029
-64.565600222
-134.012642061
-129.031035401
-53.6799973841
-86.9687029564
-94.8112812777
-122.398416662
-74.6501500144
-56.7377723702
-29.4303225909
-36.6507352585
-92.7973007481
-132.715745658
-48.413450572
-83.4460425581
-58.0180011688
-148.199282928
-56.3346730075
-57.000366018
-97.3917005404
-77.5236159186
-50.9997364629
-82.2518794479
-57.0312771408
-70.0183853746
-167.411735961
-79.5429295002
-121.153449871
-119.087147293
-122.213123442
-84.0284614241
-123.496380513
-78.3356364256
-112.635019918
-79.2846811767
-139.735563243
-55.5137193596
-102.110810957
-111.215383888
-80.494847828
-60.9059207302
-80.4402913624
-60.8750477216
-78.5335267916
-83.2884144625
-43.5566828348
-88.9129366124
-39.0207657053
-149.557213114
-145.901583672
-136.492431795
-109.692970938
-184.944597251
-119.620891512
-99.9385640946
-59.3194370488
-44.8339724452
-89.6484923241
-57.4902487794
-156.205240015
-75.8244419308
-38.6076016136
-94.5691760026
-58.9400902184
-228.564632718
-62.074211818
-124.613619651
-185.192146982
-91.1973074907
-32.2459548428
-114.298868125
-151.957632609
-160.779438048
-94.6166384488
-30.9394906228
-136.410319565
-99.4120654901
-91.6513635051
-60.121632937
-167.416388988
-136.928827876
-34.1016860277
-88.3495763827
-66.4917553143
-204.56615102
-63.0148751249
-124.233234615
-60.2385428854
-51.6794518116
-87.9280529742
-222.562503154
-113.101718648
-40.6338037156
-52.0688853009
-41.8873948097
-41.4863140296
-45.3728316441
-102.80553983
-101.812111412
-93.2081702439
-106.655689763
-99.0932628775
-105.955557803
-83.1652186538
-79.7932423369
-118.921373931
-69.8370635646
-39.994873053
-102.450816761
-51.7283884904
-68.7419697297
-33.8751740844
-96.2702568772
-111.424832175
-127.228177169
-47.9584442661
-64.2335090009
-42.4716561349
-97.7643799522
-69.2433117044
-110.791921552
-89.8570106599
-56.1800391694
-50.0540784961
-87.2140764425
-155.656115392
-96.6290261341
-125.308515411
-114.117520372
-117.0147083
-142.349732572
-190.256539894
-149.147735339
-88.0699693256
-168.006494661
-115.714948998
-116.186483871
-113.340396787
-53.7049674799
-180.123418354
-119.850636702
-191.365527606
-148.418157286
-192.470120338
-149.853919041
-177.408057242
-242.806181827
-141.233520833
-67.9302780373
-85.4306908899
-121.295104715
-135.841209825
-71.0706304964
-54.6631507557
-74.0641348506
-144.761092401
-85.2796987618
-67.1104264482
-94.2466093333
-157.713697614
-64.4684651413
-67.2183483937
-91.7936310577
-113.324086684
-88.8104936367
-97.9273424191
-74.5943145624
-162.482967933
-89.5795013676
-84.0505685601
-172.672204379
-65.9632062557
-87.9822921369
-155.487380022
-152.778723501
-42.417185765
-34.6480686305
-43.8473078667
-66.9289426617
-102.887788721
-64.313944584
-45.4201174524
-116.548433476
-67.2821554044
-96.0595805633
-28.9060346776
-116.498840517
-44.2842426966
-132.770269302
-106.739560653
-121.468927175
-86.798806547
-99.1511361201
-74.4355262271
-83.3528538099
-149.493079903
-106.679956829
-205.832107768
-123.461850985
-113.001971415
-82.9566778743
-85.458072862
-112.154296149
-37.7038330618
-102.01815484
-44.5528373345
-139.848385375
-129.690695089
-87.9401017877
-51.0125918403
-108.559492232
-18.300127638
-171.981177754
-70.4861619677
-108.322078056
-106.080858514
-204.256816242
-83.3015078704
-42.6157211858
-98.2300331964
-100.983979062
-164.520655987
-92.3666543974
-79.0654299457
-57.2333005943
-142.368500274
-111.588251012
-39.0351130195
-103.005984465
-133.110580269
-154.243201257
-63.7686276898
-139.649556949
-134.671302281
-65.0712348499
-92.545726441
-105.313141495
-129.117419782
-104.540236071
-91.3820436008
-172.974591964
-56.9547792498
-88.5478990275
-131.478797359
-92.2707286073
-167.789252037
-92.2706929612
-75.1459664354
-100.383260088
-34.6440934664
-67.5846344171
-50.286072216
-62.8142201053
-117.205054506
-96.7985657884
-187.14564254
-134.970291215
-143.766695097
-59.4434735131
-137.843522848
-139.38891219
-145.418759669
-133.736160967
-104.452313069
-86.3070699335
-171.079808279
-75.9805041639
-100.132073213
-80.8910590042
-125.248142503
-76.2954796176
-68.7577254358
-137.082378873
-139.140761037
-90.942903511
-148.719362537
-58.8371482513
-121.495365322
-193.548736144
-115.85921733
-59.5053786736
-117.006986164
-62.2914443989
-46.7164982713
-72.1491669158
-152.190804158
-132.250553322
-76.8103650713
-89.512608555
-153.889140518
-120.717533027
-138.605470217
-86.8494101478
-55.4892564651
-13.4281064628
-116.252413836
-92.3994307671
-69.3324286651
-136.331346432
-61.6846325366
-50.326150642
-57.4490538672
-140.778003961
-114.070866343
-101.784733549
-96.526565407
-89.9825474007
-102.479003482
-96.8174551138
-162.637255961
-98.7241748001
-294.37842705
-75.5847629896
-128.056061673
-36.9213428248
-89.5362945445
-104.158977449
-143.27123698
-101.308581562
-86.6889723725
-90.9555897087
-18.3174046526
-87.668538247
-36.59514934
-84.1862378495
-67.8425904368
-126.690711235
-117.834054166
-104.882010975
-83.8616573166
-92.3277293884
-99.9510654583
-151.47429928
-165.477725019
-23.9493037422
-82.7868101409
-84.1145407855
-101.173547273
-66.5404652965
-82.7903987694
-52.991946928
-43.321055766
-85.2778202338
-137.09662694
-188.12303402
-121.789942103
-118.930670037
-58.6450103609
-95.3804820946
-109.953372155
-76.7256585484
-74.6729567104
-74.5761375816
-124.341631173
-71.3789078908
-85.5378662824
-157.121496808
-75.7098472252
-79.4999922795
-64.1836879605
-59.8316530219
-128.434955513
-105.559386528
-72.3059822357
-106.59541969
-110.267271678
-47.8165787023
-84.2401946269
-114.154089455
-89.7278626501
-86.9218330161
-93.4825775147
-40.2944308896
-98.463900964
-83.595078209
-121.355835126
-107.566209253
-62.3851276595
-101.303179859
-102.676624997
-99.5894602834
-136.868682558
-89.3983488311
-75.1816503217
-87.2517075122
-88.1793970524
-141.472722926
-82.3245102875
-254.128437335
-76.5364929989
-84.9305807142
-56.3614961349
-104.623367409
-64.9626753142
-51.8198469359
-88.2767614321
-55.3738114871
-27.9601036519
-116.768795238
-86.5749117947
-111.099271363
-57.3438154183
-54.2264727275
-74.0824827265
-74.8826576978
-96.8391922941
-31.2094161992
-90.9609731358
-34.4915934642
-60.8642122918
-59.6500140332
-136.968669696
-49.6649404852
-71.6997773315
-126.279821359
-58.4994256299
-70.1231115367
-52.4840826654
-79.6483608658
-45.032674579
-121.320392444
-42.9550517941
-94.6857876322
-72.7805201433
-95.0038376105
-116.575005589
-80.3402210985
-110.756040303
-38.387335245
-80.9922001386
-124.365507809
-176.14167981
-67.3518389723
-33.2250280671
-42.402206429
-78.7472299633
-24.7271979324
-21.5770888519
-31.1657853642
-133.148753827
-72.8974230158
-100.082635884
-144.767635366
-59.2308455695
-72.9349259931
-95.1036955812
-67.9524816832
-76.1119058085
-48.9602865888
-125.04483295
-112.930808026
-156.308573002
-59.3820596493
-120.329244269
-86.5140175461
-71.7652861526
-141.569019361
-87.6790734536
-82.3553122439
-87.4745498724
-169.380586002
-24.2555516954
-99.1164749036
-57.5340175238
-30.7509329946
-160.275764005
-48.7925213362
-48.336454778
-70.2597246831
-69.9648814992
-86.2052127009
-127.572176274
-101.320640318
-35.2623527503
-101.87245188
-62.6996347927
-69.6294841792
-53.8309881807
-79.8290824009
-65.3293728389
-22.1826043062
-98.6183737024
-110.825553329
-122.168223227
-34.8715436849
-81.9886326274
-88.2653834418
-111.666209506
-62.2907601394
-69.4550640524
-45.0858996003
-80.8914016255
-125.183635974
-61.4809020325
-59.8801594501
-54.1350522952
-123.881358922
-58.9969214716
-83.867960265
-56.4788979011
-92.9835905553
-76.4153612947
-166.085097149
-161.876070388
-62.6008663016
-133.759244148
-137.504364398
-116.131202056
-88.4254016895
-86.8884804702
-143.704522621
-96.330715841
-144.369048784
-140.33627826
-62.0969432691
-114.844572853
-52.6824242529
-123.708186622
-200.148941641
-123.304765192
-87.9377665446
-65.9314517573
-165.325814935
-84.0240065999
-121.050403704
-133.902454879
-122.862378386
-55.0689468616
-65.6032657099
-117.230864153
-133.788381337
-113.840389508
-97.2646897562
-61.0721404847
-127.100237548
-78.09026087
-84.6121826627
-118.759409894
-37.3586124468
-56.4554525005
-51.1099556932
-48.7229830237
-96.7469891165
-68.4951450435
-72.755652919
-144.216108385
-132.417788446
-163.026179522
-82.1862343397
-47.0150248182
-166.239606746
-114.681113938
-118.905589081
-53.7155812137
-99.2782425718
-129.485766674
-152.657091227
-98.5618292155
-75.7575210073
-94.1516530892
-133.24683952
-72.5091360043
-132.979465192
-63.8492808964
-135.845858159
-47.5694374044
-88.8085595911
-55.2313922905
-72.8630334058
-233.858021821
-92.5064218169
-91.4201933636
-76.0574752042
-89.8978556793
-36.2161092901
-109.839100706
-68.6823885704
-56.6682075027
-29.3721874873
-77.0057463107
-94.2437831772
-93.3301558511
-58.404693157
-92.2583329419
-60.5868455229
-78.1861614045
-72.0719542145
-74.63704701
-85.6330496273
-110.749510341
-63.6791962323
-40.5459227494
-50.7001485852
-122.694887859
-34.4041049294
-81.3943127493
-85.7691693097
-94.3290716236
-60.4329590107
-82.6979929744
-65.1115239893
-86.3010439196
-88.8083282059
-56.2311773173
-78.8737343346
-82.4419628844
-83.8247856878
-119.653223723
-100.264663227
-75.6909885536
-51.245486856
-153.119293508
-56.4642710972
-125.245284128
-62.0425888568
-41.5094742392
-41.4130199195
-99.236213799
-59.3094890719
-68.5221227613
-57.6489509907
-140.301895634
-112.685411091
-131.870609902
-97.8618810473
-57.1274262748
-115.245505451
-66.6489428945
-40.7693871537
-158.929269584
-112.520194571
-26.7974540889
-142.080783047
-110.784191483
-102.646511253
-61.2599274497
-78.9290633366
-28.4457978637
-77.5841580894
-51.6260238442
-63.132765382
-99.0339101666
-109.041144527
-99.8274688014
-62.2249753603
-82.6739032542
-67.1730858764
-45.2237858005
-90.0162145006
-104.135260775
-158.781805068
-83.4399366184
-44.5944131751
-131.313200615
-163.418696722
-77.245944359
-85.5158784893
-52.3475869857
-52.3853210168
-48.0415454122
-122.346276271
-116.703213311
-103.81066178
-170.240119718
-100.99638086
-167.833970746
-48.664807061
-98.7796260294
-85.6072173428
-100.50543877
-67.4240526231
-103.077008878
-92.1663864246
-97.1950859836
-106.316251619
-99.220519608
-94.2570002731
-187.992654371
-252.514829884
-91.0745126563
-24.913596264
-136.023607917
-205.520060003
-148.389551871
-72.3744909411
-122.427076699
-153.954741846
-70.9333852064
-74.8126523342
-59.264168475
-41.7635038021
-68.3840733577
-71.5877581285
-77.0237920998
-93.189887603
-113.083102283
-154.384459122
-80.6390257429
-49.6959740316
-111.26737899
-64.9055332999
-68.1305800394
-45.0486597053
-44.3929634081
-54.7322728996
-51.869356924
-37.5416492581
-50.2564490819
-141.262100413
-72.0160804712
-80.9279708173
-61.1155674762
-231.100814078
-109.784657968
-167.154096184
-205.280031836
-71.0338944976
-32.3271834202
-34.2168219827
-106.669164786
-109.641915579
-95.208418489
-66.9601161244
-96.753676384
-134.465872007
-131.9681809
-160.856629352
-103.248984937
-48.7717817978
-104.805101563
-77.405520224
-45.2530341971
-130.168784142
-39.4348002933
-57.994505078
-61.6244040937
-132.128575917
-140.361430469
-251.598335356
-123.569426452
-161.366091228
-114.225924713
-165.708903056
-70.0100723812
-110.73946528
-67.3031673177
-68.8721128282
-82.9087149799
-156.755148839
-81.4697127141
-40.7725180623
-102.247367116
-94.4323594354
-104.236689373
-137.986520643
-116.179162145
-91.5803282919
-31.9604916602
-101.621515378
-94.3192837467
-193.113307478
-70.9917276385
-50.6425228575
-149.715326736
-46.2653791481
-102.414508771
-142.535665667
-67.096464277
-40.7116664369
-35.7603313336
-58.4331306319
-199.045937437
-128.332177427
-90.533090956
-170.038337976
-64.2411628543
-57.0147737365
-120.636323437
-115.105032959
-124.976620335
-121.874844439
-110.551310224
-82.3849896445
-126.391200272
-84.2788190752
-118.76378543
-61.3000940728
-91.8059890299
-33.3076575928
-96.5193469566
-122.604328054
-73.1218229687
-101.91640801
-89.2738719492
-134.167710232
-85.8601243995
-97.4737369541
-57.5777125981
-39.4367444556
-147.099941908
-145.393133973
-158.734713461
-111.700150876
-110.401233679
-124.802032423
-56.8381967808
-140.34519439
-121.297000704
-46.7082131486
-70.8011654269
-101.647483345
-23.2630602293
-134.715239514
-72.6508371512
-104.570242356
-118.533754478
-65.1720771524
-87.6234750535
-117.393872826
-84.7167789238
-64.5606470298
-117.869813762
-144.920611748
-49.0114123486
-82.3796898601
-103.412118484
-70.8815967689
-40.4410725057
-92.710497451
-108.730553817
-46.732425869
-159.663630345
-83.9406957237
-73.3672937916
-111.943527536
-92.918967032
-65.5888251148
-82.9895705765
-166.109914786
-71.5518569332
-43.318348421
-39.4155737727
-70.7073633623
-104.255540984
-40.4329736702
-83.0908526737
-54.6141460024
-65.2225275827
-227.339969507
-104.596023377
-175.215740005
-69.0883293953
-112.945171972
-78.5944435468
-95.5881712999
-34.5298034391
-98.0920680057
-114.103396839
-85.4604631107
-108.36648999
-44.6893932889
-48.8319281329
-46.3629517151
-38.8495749379
-54.4024920961
-37.9639373552
-75.6741416118
-57.011224012
-66.332793014
-69.9624433872
-85.7536337564
-46.3243894826
-119.413750702
-63.6951408651
-46.527079522
-59.8001557011
-57.4393724742
-50.6104278014
-94.8051242178
-41.5104814362
-52.1688069433
-83.5681634745
-111.417854062
-96.2846359729
-93.9550051775
-103.161740759
-66.0901289303
-189.839530579
-167.437657456
-148.789010938
-63.0751992532
-120.688924422
-203.187030227
-117.394767842
-145.323184129
-25.4778621203
-17.7451141695
-49.4111060801
-202.313464926
-94.8863982971
-48.5320711519
-57.2795700745
-114.479955028
-123.945693911
-108.017817267
-63.1703398896
-81.3267892344
-126.613713755
-21.1341755815
-117.070209715
-82.8030502574
-71.7836182855
-130.390519112
-68.3246582509
-111.920533304
-46.79155425
-118.674238467
-62.2557671058
-99.7884726579
-70.4322214754
-61.6670935035
-51.6286509944
-82.5348751952
-92.8481195253
-67.3424809395
-43.4751318484
-50.6360996428
-74.6851040841
-103.20911162
-93.7634426464
-75.0190633408
-60.6856379367
-78.2641489853
-74.7589726799
-121.49432406
-53.8429971972
-83.8869476396
-50.9209352105
-40.1286304275
-69.8343001326
-73.6570625699
-60.3205842544
-129.300685833
-186.387125224
-77.492444953
-49.0190957321
-80.5203433241
-93.9882450054
-88.3137160902
-138.866512504
-162.788053953
-139.046386668
-115.536620865
-76.7357413539
-50.0372943809
-89.0149484965
-48.705073654
-67.5071803841
-160.405429397
-109.288115021
-67.335144312
-67.177645382
-69.2225479609
-50.0871144086
-37.6460631722
-39.434132005
-49.8899559554
-59.4961621916
-34.3430599404
-102.677879237
-41.0428276919
-84.9381728341
-23.8400452522
-23.7321546313
-23.8807470553
-83.6337212665
-111.852077003
-74.1255979842
-55.9219591037
-79.5898174179
-88.9809015264
-57.8685781348
-91.5716884497
-53.6712038618
-114.85210446
-102.378318069
-121.84876212
-107.724372003
-51.9309225097
-77.0999149097
-146.235921209
-60.6306890946
-94.764170115
-48.9805318647
-74.1444718677
-26.0572022999
-41.7695196906
-80.4210066992
-58.7297778732
-143.903699237
-120.188339851
-88.9941852017
-54.5781409587
-103.065566292
-47.9434344964
-71.6846057774
-84.5815129874
-77.7653129516
-116.579321309
-149.739076382
-75.4552789875
-56.8691724167
-36.2478559914
-39.0926256558
-123.95060616
-114.125689043
-96.9028029059
-118.790458863
-104.706113837
-92.7689845568
-74.9706131872
-56.3969619604
-97.1941332692
-33.2931944455
-33.1910083317
-40.2735262494
-111.71032048
-91.049188278
-98.3318636081
-87.8476491605
-41.959956309
-73.2419203233
-116.361247591
-38.1456001982
-40.3604543586
-51.3402832157
-45.7626791096
-66.9277797102
-38.4669856777
-31.8816121821
-77.3039950289
-105.976009084
-182.939916216
-262.520386738
-31.293282677
-116.512803158
-75.8905967955
-63.0875440528
-117.009360205
-139.274468561
-69.5529924387
-53.0436365638
-80.1727048012
-31.6417396459
-78.4052704378
-130.505250667
-79.0638539803
-48.8620779275
-105.595452511
-44.0546124068
-59.1901540628
-79.8038595911
-27.4838783286
-42.244169254
-37.2457503726
-59.6220054695
-56.5814391523
-74.9544142852
-108.690676214
-50.3250954208
-87.3223602094
-47.563873319
-101.019545598
-110.990201918
-94.5458764989
-99.8986040088
-41.9374204381
-72.2769043434
-68.0252398498
-164.665843428
-53.2133101816
-61.4999180478
-24.4503425217
-84.4801202347
-72.8332154385
-52.2689535658
-59.0346381978
-126.461234756
-20.8577380703
-63.439190182
-74.9068008564
-54.505308878
-47.0776593445
-58.4525793601
-55.0290538757
-42.0895527368
-37.9278076765
-114.123889854
-138.997298169
-91.1692838221
-93.3616162536
-55.0411983993
-51.6185824367
-45.101859282
-36.7985935068
-73.9861641843
-24.0308421295
-25.6201118368
-36.6429843833
-120.383214677
-35.2491437784
-95.9676168784
-20.1131053429
-105.246038296
-60.962816699
-79.0616460271
-147.339011319
-118.614349448
-26.7437759777
-68.8503115143
-42.7126693384
-47.4305925486
-117.980416124
-67.3661629648
-30.9909579018
-34.2550826566
-36.0587075967
-66.0162953659
-87.3165882822
-71.2568801787
-32.7068501877
-88.5049781608
-95.69182259
-100.049472289
-143.151505332
-116.650101752
-109.858874913
-63.13531082
-118.069523227
-64.7483445999
-87.9379782174
-74.081021672
-44.4608668671
-119.884277174
-135.158138113
-57.2426137423
-19.0057522205
-190.870920476
-119.672762472
-64.7872231867
-114.530525493
-34.6627735433
-63.0578821015
-56.9816412431
-37.979464104
-24.4998999717
-80.8923513649
-84.8641687752
-62.6033973946
-40.4054852756
-52.2418720962
-70.6833853496
-54.7082338273
-49.3028887294
-79.8492373523
-19.3132176561
-76.1068954184
-99.6337232298
-50.3437231146
-126.46914353
-93.1863808311
-89.1710081395
-34.7990894779
-26.7485679177
-19.3132176561
-109.93141105
-65.8093675758
-46.2112819248
-32.2558971813
-67.2939403762
-81.7992639305
-65.0688621131
-82.992820979
-113.905889304
-60.4826606395
-102.142185742
-27.0918893107
-137.445658577
-56.3154165165
-114.174820547
-145.552934843
-55.8639477104
-97.7351037208
-105.036378504
-112.128454923
-55.4218661954
-126.421858247
-88.8577933059
-85.350579232
-128.621579552
-108.239495515
-91.6927242049
-86.6290682893
-56.817148291
-90.6292363744
-147.873605851
-66.5571112615
-109.253705257
-78.7240720273
-149.5577985
-50.7531933743
-125.645504712
-81.1959956541
-29.7124339268
-129.044852929
-77.5829114069
-30.883206018
-67.3912006845
-73.6758662182
-176.06093642
-55.6176356167
-110.939463523
-31.6863830789
-133.454127499
-146.301618793
-78.9575257066
-105.48547571
-184.811331417
-59.7452301512
-107.126245138
-94.109428682
-36.6120272342
-81.0936881772
-148.276060892
-84.3432291789
-113.582815083
-63.5804185287
-40.7469329117
-153.636587626
-70.7329313243
-80.802307718
-127.400812326
-138.231990356
-55.3608578192
-64.9762955826
-218.607936569
-36.3862724725
-74.4131504882
-24.8804007521
-59.6477907426
-168.486750235
-26.9158105609
-55.3216171453
-34.4665691061
-182.188691755
-132.18278631
-28.9888638111
-92.0357587307
-108.764583278
-83.3705884259
-73.6006181131
-157.207769558
-46.7491093369
-61.2994061793
-112.806819455
-30.4355409032
-37.4227910433
-142.171699949
-100.474721916
-82.6057290692
-179.7413023
-93.3455045475
-172.4484986
-62.6133279604
-54.3762808599
-195.397529953
-45.7695555433
-104.499636901
-100.636568405
-60.3285126406
-71.7834991752
-133.263461714
-106.823695769
-57.1092755422
-145.047185366
-65.2624433253
-70.8576814221
-78.3922271164
-62.4604474304
-89.5812653094
-30.6271540343
-102.432375619
-136.970788157
-93.6563667842
-83.5885473402
-67.0784914325
-79.013680966
-25.8420240586
-83.1692750081
-75.150581937
-102.107393382
-49.6837902923
-78.4050277773
-80.9810098569
-64.4186924014
-69.355591604
-58.109639019
-93.658493522
-62.4027492141
-114.921185659
-51.6017472227
-95.3301222184
-41.2018124254
-72.4205848429
-73.2571650044
-38.8242257958
-63.3977390556
-58.4112556142
-96.4584081732
-71.7696897989
-65.9412681186
-40.1663482573
-20.3895219845
-65.4786805584
-48.4338431305
-42.3711776604
-53.757627918
-141.879865173
-59.3424892821
-191.880642617
-67.6744460852
-57.0258210839
-84.2006757168
-35.9877771155
-81.3436166342
-145.097681466
-37.296819587
-63.6884941787
-84.3059401839
-34.060140499
-68.2174068
-27.7783457787
-101.000416553
-88.3444471344
-25.1263174608
-73.782630376
-35.2919621824
-140.93970974
-91.2237787652
-77.1367588456
-103.406974043
-108.741710505
-78.2867423439
-87.9773327584
-66.7578227778
-53.6591212788
-39.9496981402
-99.407813313
-55.5016146893
-85.5868042217
-114.587759535
-112.154113233
-37.3723631807
-90.9536412517
-94.2734803083
-114.143540005
-41.2997144119
-78.5573015417
-69.096875409
-45.5592937032
-43.348593579
-53.3616241076
-262.00624387
-45.6322829315
-91.2471189684
-55.2856968402
-38.6505963763
-64.5899897228
-56.0418952703
-96.3189016872
-52.7088482121
-38.9335445372
-140.158109264
-224.43553925
-72.3377087021
-115.605337447
-138.001132174
-71.9411248598
-51.7163084632
-47.9809676943
-112.614349126
-130.171560591
-98.9781862465
-92.1093182282
-137.324011197
-141.720943528
-69.8907129015
-34.3340171867
-98.1955864793
-48.9695559555
-39.5342615706
-212.744478861
-137.314941692
-87.3004801387
-42.0429737374
-62.1058818452
-62.175918952
-101.657944728
-50.3526557755
-79.2130662428
-146.884991066
-24.8235952084
-119.490902965
-24.3468702245
-121.788797964
-141.387728951
-51.9779806946
-83.7723691258
-38.7927526973
-65.6622900761
-47.4008474146
-35.2322497174
-136.968067528
-100.597659851
-189.540926246
-54.3873979941
-38.8865400982
-43.1785622382
-55.4089906995
-109.043638605
-127.69253462
-63.8338132442
-76.0923188375
-26.6379292378
-97.1285919475
-40.7680577122
-97.5399973633
-65.603725321
-59.0684500143
-53.4143996699
-55.8519195606
-69.9796359745
-25.1117259945
-37.3369172009
-198.425579386
-83.4265189201
-106.410664203
-27.4013841672
-185.757908231
-32.4580389175
-21.272170572
-41.2834299293
-68.058025504
-146.271502926
-80.6773014405
-23.898911781
-60.9088583701
-103.027702664
-45.6036934186
-36.478403627
-120.026885879
-44.4982750936
-99.3205407792
-85.705823818
-175.318856851
-131.345121714
-57.9718210631
-91.6250894488
-105.336325016
-112.779872989
-79.3171458815
-56.6371802379
-74.6804446999
-109.442095431
-54.4643830794
-30.558522401
-228.36206314
-100.117063879
-127.675748768
-135.0128542
-246.726138443
-52.2079130887
-177.989456346
-100.313400545
-87.1474011785
-87.6943193138
-40.7421991861
-34.2292923586
-23.0842997364
-90.8201074708
-26.6566319985
-156.722812729
-70.535466966
-54.9631665718
-103.919496881
-111.067243562
-49.282426739
-87.2535857814
-97.7645355402
-32.3599929916
-96.0740335636
-39.6916708012
-67.4510894566
-150.458709056
-102.459761866
-50.7771953877
-61.1017385679
-71.20320375
-100.892691199
-66.6782669988
-116.436722305
-34.6044598781
-106.681104717
-89.6362501798
-125.91027428
-156.820975791
-98.0470293443
-70.8187341345
-39.3191410452
-65.7359473973
-132.720304155
-39.9003703115
-64.7250104613
-36.9275593041
-73.2097509204
-139.570454909
-143.71634826
-87.8760565063
-58.1167202058
-107.835367471
-123.573647012
-146.254119306
-97.7677004872
-95.398453536
-61.0189215004
-77.5394019067
-73.5717648855
-93.5681888321
-57.0566950969
-99.9903247954
-38.387639863
-132.31048092
-75.6513528405
-134.145223841
-44.1569044455
-76.3781704142
-138.344239476
-86.7870275032
-140.14083772
-93.2320114219
-95.9284299451
-77.4276101576
-46.7494199542
-73.8183219355
-139.714616592
-91.9126978509
-67.4118888802
-93.6161858202
-56.5863554015
-66.1229553525
-38.085054175
-88.139230295
-65.6872488724
-143.015888995
-142.914310727
-108.203387931
-133.436723997
-97.7976585347
-39.0180906925
-42.5829658729
-87.1944826458
-199.547835484
-150.942743953
-95.0771275386
-90.7260855494
-44.5668826682
-69.188645595
-53.3927875861
-65.7238518841
-73.9076770963
-112.430330417
-134.836364036
-136.239297736
-56.8953680149
-78.3033282619
-121.830160707
-52.0701321149
-82.9846732787
-28.7637269275
-132.156682343
-132.820641764
-139.775159432
-140.735137366
-53.817498812
-100.786744037
-100.904061312
-58.4621634411
-216.631984104
-48.6602497366
-102.709275773
-52.7529971876
-73.0623550348
-90.5159565751
-82.4230723462
-72.3758202108
-119.560291707
-67.7443890402
-125.491471089
-66.7107238706
-58.4260359085
-77.0077208644
-101.589969333
-94.6364938032
-127.527057838
-127.297213154
-134.611841119
-62.5407081515
-109.404025855
-83.1890701578
-154.745128464
-187.608837035
-54.5493745938
-90.304333736
-65.8799918803
-50.6454529235
-96.9039895355
-72.7837037063
-36.1858430908
-34.0782139237
-89.2784812208
-162.838294304
-70.9511943556
-57.3982655738
-83.9927590736
-79.2387257995
-122.952404172
-102.9476095
-55.6290761729
-70.732563246
-98.3303360387
-58.5450460081
-93.9799350632
-230.7771519
-75.9145348317
-21.1440071666
-28.7957331359
-154.031136775
-91.8765223237
-193.625377883
-101.444611758
-89.6922169164
-32.7838045515
-101.630203258
-65.7477799815
-98.4481861736
-135.857535872
-97.4418677694
-161.945351248
-86.291613722
-88.4659662148
-150.608174929
-97.3041273323
-63.0786906487
-102.666152314
-78.0011383988
-44.335161437
-87.052389069
-161.938477113
-56.6533041535
-126.840726198
-109.644424861
-138.492492164
-52.262009766
-72.0946836742
-31.9663607984
-45.8738985216
-54.8566587954
-97.3339807992
-206.738284065
-84.3633853932
-34.1963598015
-24.3349037538
-163.572812541
-64.9160008104
-180.291947463
-89.1174290966
-131.609830624
-230.524536428
-36.4889008581
-82.1955753063
-61.8518329729
-213.882401437
-84.2879811973
-77.0798557051
-75.3654964428
-44.1475837206
-94.8640015977
-129.20297242
-120.349431085
-90.3963324211
-63.4857443925
-116.649764255
-98.4024403264
-125.271156995
-32.7670872152
-180.928680441
-129.775124072
-78.9288192006
-64.8209363584
-112.448699114
-139.784797809
-135.011963721
-74.9699092733
-95.2718332158
-108.289450243
-27.2758141896
-85.0362381974
-30.6145399141
-149.735750719
-148.183522785
-36.5519726325
-46.2477958391
-90.3067667429
-59.232736249
-115.070519848
-71.497551628
-55.1908533692
-26.5571073756
-85.2258064704
-118.886801123
-48.4165527745
-46.9169630838
-148.631866158
-46.1097458021
-103.930644654
-146.467345396
-40.5744314037
-77.9419038137
-28.405114524
-89.7832524092
-45.7485200599
-151.697579161
-122.130757524
-153.371830697
-154.903985919
-104.625221203
-118.947172434
-111.543570262
-62.6604561342
-113.85519814
-157.624323115
-107.605766451
-114.528889463
-104.308165578
-117.968848612
-118.665792164
-51.1813252273
-104.153736018
-122.199170843
-119.352181828
-123.669429114
-125.589343732
-48.1961478008
-45.169199869
-60.0690759088
-52.9512697712
-79.3094351742
-74.7426116448
-142.533016928
-77.6881072534
-144.124260831
-63.0538517461
-136.444222513
-80.4770416523
-136.196563737
-61.7966949005
-35.2414615478
-70.4164418886
-117.875196814
-72.7540172902
-91.6122475698
-49.4406691312
-51.4613403514
-71.3413410356
-65.0707832043
-106.63690706
-44.7074939783
-69.9446737167
-105.781441791
-40.9592754461
-43.0360981254
-24.4950965822
-65.6304516666
-41.9469371803
-94.1589980776
-103.658362731
-89.2497021223
-45.7746713448
-94.0158804149
-76.3005687628
-98.6111952848
-88.4381768753
-61.1109926446
-113.422780336
-147.226163249
-71.3430988495
-123.267871446
-88.3160685236
-86.7116072341
-86.5133263944
-229.07823481
-67.4232152009
-94.9048819206
-168.640068218
-126.661139263
-35.2982200788
-79.1694999929
-84.5009776677
-108.079499939
-90.888018704
-116.091920844
-111.588241608
-156.632774285
-73.5597558471
-331.675901512
-115.659003583
-63.4922683658
-81.1562833991
-133.084751926
-64.5388773183
-69.0772668306
-109.539514754
-50.8628896356
-53.5947263051
-152.605396793
-117.161177698
-78.8510352133
-89.8319412472
-42.5890190003
-115.295379078
-31.4405363993
-42.22525604
-104.642993785
-290.225590115
-61.6430818513
-37.5978617104
-70.9593788386
-39.4702457347
-124.475815861
-67.5533499974
-35.3357976612
-61.9779504052
-70.85896869
-39.6388573556
-79.561602966
-207.64025395
-131.544058463
-83.7534968092
-162.587406718
-95.072149272
-63.8021795882
-47.4861454463
-53.498437222
-80.1522896342
-102.253242536
-59.0215300235
-54.4022407212
-35.6614235811
-52.9637069805
-36.4900609657
-125.991079143
-103.939639139
-85.6638150505
-93.8418835708
-96.3610907747
-93.3447282702
-85.0934506165
-104.639020889
-66.834251395
-51.4186055655
-46.3995851512
-43.3708078241
-121.295364483
-75.1178903238
-93.4088753064
-57.8335549243
-60.1842651614
-63.7083254405
-93.7778237761
-87.3835750915
-42.2385546299
-86.7309116688
-61.4779999741
-65.3986992733
-128.03549471
-160.295258668
-129.142857922
-165.06056936
-108.691341578
-90.9524688958
-44.7588459788
-217.932199708
-132.067347878
-130.119793187
-142.450774831
-148.395380933
-188.14696457
-139.14400051
-130.585683037
-123.262273288
-70.5542720078
-71.4533094038
-112.225291126
-51.081220854
-115.865947327
-193.044188348
-91.717333129
-139.075517234
-45.8947912868
-55.1023658724
-110.047561801
-99.7783579075
-128.68738527
-52.657671065
-62.0154356496
-115.604125489
-42.2896202425
-48.9195550927
-122.263702808
-86.5499003936
-62.644714591
-66.7299343986
-23.8043311681
-163.262906236
-102.848291002
-98.4331350764
-60.425930015
-27.3222510546
-59.0195199879
-84.5067197599
-78.1660785946
-66.5440985657
-59.7126201224
-103.319654678
-161.357189522
-62.6973608608
-170.919821176
-65.7894070453
-25.1004394142
-125.015997554
-144.291155353
-101.497798713
-82.923776348
-116.50043662
-108.778086848
-81.9775454392
-90.1647991353
-99.9276547029
-49.8799389504
-61.584944855
-86.0126807276
-96.3168332022
-60.2976709391
-170.461236349
-90.8008727418
-88.9494904302
-82.0304306627
-54.5996485939
-41.3399143419
-50.533006828
-53.6877854177
-42.9284784419
-46.4104009748
-46.8080784844
-51.6690023553
-45.0467203732
-61.452369582
-27.4700943533
-76.8882710596
-42.8535839321
-54.4815496796
-54.4899676702
-47.4375784285
-86.0769936072
-50.9666584214
-129.303218985
-63.2331997156
-40.5103644952
-31.3904752698
-139.490962657
-47.6227094376
-169.268778112
-172.499460436
-90.5423641626
-25.8574637461
-67.1659388331
-20.2039095982
-89.3316971288
-66.7393056322
-198.002283907
-75.0940799565
-48.6252988472
-53.6782253436
-88.2693778942
-70.6983264446
-47.1167543668
-106.282929855
-161.983716198
-78.1054768885
-123.747380704
-93.4881846183
-105.083603375
-153.621333409
-154.515707517
-34.5676343725
-57.4083791665
-150.17092451
-20.5314843503
-83.8506321992
-66.0950875252
-91.8364778817
-106.301283284
-226.762397061
-167.627145086
-45.9372755494
-133.330162141
-80.3778154512
-171.966368237
-43.4811005617
-23.3187039177
-41.2782460796
-85.6182605704
-59.5374396389
-30.9482396005
-53.993024422
-36.9853169662
-59.7701282232
-99.8142536882
-126.978403783
-36.1863615501
-53.4233470019
-101.889321266
-68.1288785157
-119.382982906
-103.160815856
-68.4315498722
-107.562075736
-124.624818313
-86.8165530023
-110.698831484
-65.9930843333
-99.5912050296
-99.1565932645
-46.5409124881
-143.414549018
-77.6684831632
-61.1108418587
-147.867792048
-25.211345547
-50.4135301371
-98.3057525198
-72.2109472831
-84.7917115421
-94.1521313656
-84.4284212744
-34.9079084003
-169.27499027
-56.0458173359
-36.6973755437
-72.9458960729
-87.5031572576
-91.8918586376
-39.5598424815
-67.6099429527
-108.900256001
-64.9537221363
-44.3964470188
-96.2485556618
-76.4965408635
-57.2332409233
-110.932092642
-91.3587821755
-87.6928328284
-85.1884828715
-44.0198284905
-93.6631324063
-167.086092439
-222.774934431
-65.9105097232
-111.739033951
-85.9864576632
-72.4868366196
-111.723796337
-51.4174975933
-83.3117424648
-32.7261023043
-119.763052798
-51.8150779698
-43.6074463489
-41.4383968008
-39.0104142673
-93.0432176389
-77.5385524205
-58.5135030051
-43.4579070724
-92.7827803952
-84.232340878
-102.645403632
-54.8591534373
-37.8301730876
-56.9927283245
-59.2389372311
-94.4662271689
-106.293438704
-92.8974326659
-65.2072107703
-48.8834441111
-75.056398443
-134.238920663
-84.4130193531
-31.6935127779
-77.2601511321
-75.3634290278
-66.4076682081
-49.4265135774
-151.18268183
-60.0979288066
-102.855961852
-157.157085314
-87.2247339386
-85.9684314631
-152.627802734
-135.415523204
-98.6239512082
-142.167278881
-114.546558511
-93.0269448514
-73.8218450996
-146.470895444
-77.6758390814
-84.4145317401
-60.164159015
-257.166586808
-95.4544768586
-72.0164268269
-49.1474185112
-156.258447286
-128.046742541
-112.869672856
-95.0891331581
-87.2982731301
-67.6460288277
-81.2965410947
-170.571056197
-56.3278707707
-114.078521459
-177.017000928
-84.6610628462
-156.181747501
-81.4411367657
-138.519978284
-129.202873349
-81.4653708687
-54.4634625585
-98.3060007153
-59.1926833881
-70.4725513745
-18.3573681071
-51.5755071953
-96.0677380582
-123.93156231
-67.89593816
-175.590327898
-142.539811291
-90.5431660348
-62.7446338153
-113.32685556
-66.599794415
-74.2550319521
-78.5245592065
-62.3798019783
-123.378804009
-203.149874526
-78.0526782704
-35.8808133059
-40.108594777
-47.7737871411
-63.9098150319
-111.064305041
-117.17078202
-150.411339676
-51.4258772901
-51.1045417103
-99.4948922414
-147.580186941
-130.357951373
-178.430171046
-110.37670387
-99.745712996
-146.773622101
-90.2526817745
-112.931477478
-135.76389573
-100.428149877
-74.691507672
-192.494961284
-103.409804914
-71.7776341983
-90.8663734174
-73.81084798
-84.4267399135
-156.744252038
-46.927450808
-41.7920593317
-46.7107915087
-86.1520237423
-39.0316813504
-64.6444126725
-30.9453369806
-40.7430932722
-80.3834109197
-52.692412398
-52.9275804816
-72.7070889679
-19.4111710106
-36.2938737531
-39.9513082562
-61.7670278534
-62.6374192574
-34.79827313
-25.6254400074
-37.5412131846
-104.728526525
-30.5952241344
-40.9617479797
-118.4984128
-50.599970992
-39.3240275583
-22.4669946159
-49.8632864299
-66.2973106296
-75.4579625932
-34.2553818947
-50.4145264797
-44.7210250143
-36.2871914086
-54.9030502429
-25.2585232428
-48.0202705464
-47.8426767339
-73.7311674736
-74.383811143
-39.3262236734
-62.9457812085
-100.041499377
-148.905700071
-57.2893846537
-75.8883716336
-96.0016912219
-79.5651069488
-159.988847797
-87.0575269956
-50.5852833414
-89.0045307749
-59.0991398703
-471.677044011
-101.6701332
-144.723243539
-178.230734232
-177.462857515
-58.9074265988
-189.964993604
-218.990075676
-112.012066106
-167.143831753
-83.1609873238
-186.710351857
-135.1340176
-88.0541431643
-23.981221329
-44.3559503599
-148.325115174
-132.595491047
-141.716350964
-90.2802873139
-112.958333366
-142.802659896
-107.670368981
-77.4217925709
-53.8810546404
-94.3148681839
-27.4491457067
-27.8113630472
-48.567287414
-31.4902644491
-29.6411891175
-154.526811565
-124.255818086
-226.265406648
-76.1445782989
-193.293874864
-84.8446318325
-126.013887758
-115.95251828
-89.3750215691
-84.6623227723
-136.563937308
-72.5183046072
-61.1207524962
-155.686236498
-151.732443234
-55.7534314749
-42.6681446424
-27.5830138762
-24.4226336464
-113.175643185
-26.9059154612
-31.3126060539
-53.1138144315
-71.242135178
-64.6048663208
-44.5984334022
-58.9583950794
-45.5092657754
-56.0461346735
-58.187047844
-97.0739752189
-88.9397032464
-90.16448188
-59.1419356787
-89.6654427438
-36.6193970994
-31.4261048868
-132.430625831
-172.915088019
-95.8317168815
-93.2728474675
-141.952372858
-54.8601746972
-156.330628675
-132.814876222
-75.5734080344
-76.4471526384
-67.4918270026
-55.9752937772
-57.1189403605
-49.349978772
-33.2593226305
-31.8163799274
-31.6269657794
-82.1420547159
-110.825648198
-56.1199592262
-91.6945026968
-68.2863690117
-44.584238141
-27.9212814198
-63.5076795193
-155.001907779
-132.75385707
-34.3383144376
-87.0918453057
-87.8737187328
-83.5277385781
-66.0527201877
-143.948840738
-72.253542497
-123.846794849
-112.958478436
-134.245239936
-78.5840227472
-152.335570282
-88.2650845142
-61.5804702736
-52.7737948628
-69.0837787612
-133.486981548
-90.3974377267
-137.07033311
-92.1515303309
-74.8391066035
-70.9849409882
-136.458334789
-77.4804088676
-100.931646172
-70.3710944681
-92.6435087567
-101.668073143
-164.6281379
-91.3263372821
-122.225932812
-32.5461359238
-123.913691708
-40.0024933621
-102.990980162
-72.768999489
-140.394477602
-40.1924652592
-79.6264882758
-78.8885687444
-89.6806967299
-130.074927001
-91.2941019584
-122.638225038
-71.4203661239
-113.666508379
-50.1499710872
-133.235358434
-119.650350307
-96.272562165
-50.358553039
-121.131011726
-69.8127705404
-100.562188458
-81.3270548539
-25.233116268
-117.362229402
-85.1952632785
-47.4005042383
-57.8274207992
-162.369489814
-141.817880215
-89.8242037228
-78.1273789396
-119.895735303
-101.255748042
-105.544646696
-47.0483795692
-136.16227661
-92.9219281001
-141.402812114
-89.4934716094
-146.286983217
-72.3843749859
-35.7714555921
-76.3469869359
-153.927724332
-38.9691908785
-78.0640491099
-69.2773285961
-108.16879755
-114.266945522
-110.260906435
-84.7555493625
-124.604792714
-126.92566569
-76.2104136738
-93.1759511203
-194.272361045
-123.769742176
-74.8417082952
-68.7030458234
-164.788493352
-96.0986085319
-126.804500691
-29.0043848664
-21.7069914044
-62.2833515063
-50.8819877955
-37.3437178338
-25.7477454238
-79.8423111276
-72.9260807427
-54.1612115724
-38.1364967781
-68.4396117571
-97.4983600771
-93.0192641386
-77.3914008315
-55.1071327419
-62.3032276218
-111.96100571
-135.423981315
-40.440154618
-92.425829916
-90.0010128231
-86.0374989192
-38.0550648336
-129.422101045
-46.9752460958
-88.8183081892
-79.5335572883
-81.4948140192
-64.8721814681
-92.683026733
-38.244062385
-55.9450128824
-71.8780032081
-23.3789067473
-72.8653549326
-105.641513448
-72.1610586193
-91.5589763309
-47.117823345
-75.8735375227
-21.5623354911
-52.9538725738
-43.1925748121
-81.7508678557
-50.3291288588
-69.6170959895
-58.7450500429
-74.6221314182
-66.4720806392
-36.2056422736
-22.8119144322
-27.3537979508
-41.4460608276
-35.1806238056
-64.3337392916
-31.6958369579
-50.5853421125
-30.6247999226
-50.8978230198
-55.5115074465
-88.8781654785
-57.7470298297
-162.132557135
-118.388248632
-110.187411334
-78.9293200675
-149.760761839
-63.2474955672
-111.661324777
-68.6119271452
-70.5056555418
-104.964344957
-72.0294916781
-81.9746871062
-33.2637022341
-57.5303903962
-92.6388393426
-64.6608816773
-68.917081796
-104.561247127
-73.4183475618
-71.9535321726
-41.3917996915
-73.4658620041
-65.7110706935
-65.8940603726
-66.3392111823
-96.1686977332
-42.2807381461
-48.9155528799
-49.3061283729
-78.2355563545
-77.7946851138
-44.2374454766
-75.2504814101
-62.880508702
-70.1701143161
-82.0569444312
-32.9003431762
-79.2382838155
-167.977031369
-65.995742161
-119.146719193
-44.9055826348
-91.2106620956
-65.8169067909
-26.2843927555
-58.4884085132
-40.7693767867
-82.9023799115
-48.1920376777
-88.5986577297
-125.725743625
-100.75944017
-94.6547335902
-69.1111977451
-69.7050018302
-77.9097243835
-64.9868193671
-98.383011184
-88.5762659706
-93.8430823298
-66.0112603414
-106.281752959
-63.3863198117
-82.7909076711
-128.257392584
-119.923980505
-68.6257311725
-42.9704957129
-63.1272179624
-143.68046084
-91.9214682115
-124.589824021
-44.5043096407
-26.253045972
-62.1220139863
-45.7390064093
-46.097253999
-36.3117125988
-109.222936384
-104.982547606
-195.026153531
-45.5160912743
-19.2359273848
-63.2119247175
-21.4167320257
-21.7359339055
-73.1101320701
-92.226425077
-35.6263231613
-23.0250173809
-40.3642791602
-50.360070662
-176.032319182
-62.1629137224
-85.0774713724
-44.5068181373
-133.899894649
-32.3468706161
-80.075769995
-95.6252854131
-119.561963426
-200.513496293
-43.2346839796
-114.503692717
-60.9649370799
-28.6755935662
-55.2461491725
-103.922270852
-87.5565899907
-104.402221268
-57.7525268822
-144.791528817
-97.6281166974
-149.245835481
-77.8560482894
-59.9522763594
-28.6024712402
-47.8025066123
-23.3104218938
-91.5419862498
-55.000154441
-72.6976513576
-39.3504419752
-117.819872722
-79.1636496925
-196.596543072
-128.060205175
-96.6764925689
-127.122991764
-58.212222935
-46.3426088979
-80.1124357528
-184.640212844
-79.0482244656
-122.350799546
-76.6481482308
-145.898334511
-45.9659743524
-25.2662844146
-76.0915438544
-54.9966311158
-83.4577665169
-136.90039848
-83.6098953267
-135.340149098
-111.970338133
-78.8300505747
-118.648305352
-59.4439011859
-117.570095434
-65.0094379329
-63.3370624541
-61.782141345
-124.294699514
-45.9048222349
-85.441553147
-106.129678065
-98.2999137004
-133.094022506
-114.778386613
-94.3893828732
-54.4176867202
-88.4785598491
-85.8531648937
-77.8855419485
-79.7271051136
-39.4656921296
-58.7801831469
-91.1590000111
-82.2975424719
-60.0088064096
-55.4620164548
-44.9030088342
-84.096528718
-31.4877762757
-64.5564943083
-71.6623463305
-67.3261348985
-54.8918021751
-53.8802295711
-99.1144130803
-92.4632490232
-52.4109829005
-74.0329180057
-35.4334473287
-56.3335538129
-111.461695364
-30.1230294994
-69.4980837492
-88.11684264
-76.3328299515
-47.5545721265
-73.9372024864
-172.469081625
-79.6522313538
-81.7047310683
-115.251905371
-73.983829824
-157.84262818
-93.4230735843
-82.7905092657
-85.4234890705
-62.4702217755
-68.0535795171
-120.270680125
-67.8973625289
-84.7670833214
-42.4474717347
-133.429497422
-128.635722135
-115.908039969
-117.538836189
-95.5035064093
-298.148044786
-94.9523166849
-108.12296824
-110.680738537
-99.8544938967
-96.2599106426
-114.308084098
-68.7635410347
-194.628195417
-96.042453814
-91.3445331592
-119.316055514
-69.277346562
-50.07468959
-107.050041582
-77.4498875127
-39.3751342208
-44.1974372707
-78.6586847012
-123.213131701
-111.161836037
-70.44033035
-100.38129025
-81.2958522886
-75.3254644227
-117.022559376
-81.9083255032
-57.9126267448
-66.1501374604
-118.659058173
-129.255999745
-242.199134035
-34.9647425679
-296.785769041
-99.3313550276
-114.70765427
-43.8310926161
-80.1351754592
-121.054547918
-105.523230777
-147.672771306
-78.760794894
-91.0450635873
-143.859277595
-115.52282684
-204.511969284
-168.967138358
-68.1367767114
-195.052591709
-178.06452591
-105.990710198
-94.2783216958
-81.9152212746
-84.972955925
-116.519626647
-65.7303136758
-121.045789598
-40.2903637263
-156.800945072
-108.864659888
-173.306903736
-39.0272875643
-92.0894374604
-79.9312231647
-125.57180879
-151.353836626
-56.6103138828
-40.1467869089
-43.503388125
-52.7428894807
-78.8261652746
-72.4144350079
-84.672610146
-34.127266777
-70.0745457615
-93.5610591258
-34.0476970731
-34.2315957742
-64.3402041944
-83.874772606
-81.2607641132
-77.3769535872
-182.352318235
-81.8156399207
-43.8281530964
-53.2082413764
-36.6298515292
-69.6009505401
-180.471916913
-85.9387292807
-69.7839796554
-72.115225666
-102.981775939
-95.5454608733
-131.729375819
-36.2187726218
-27.1989487682
-36.0734320323
-27.0044123795
-20.3088952097
-32.8250650745
-75.0301444017
-34.7476783304
-54.2149818853
-43.3260835823
-47.4254006163
-25.873011587
-35.968191023
-34.9116286956
-71.3693468259
-30.7301322158
-28.3124593739
-94.9409888786
-18.868664763
-38.4020499
-21.6917159682
-27.3340891345
-40.9429112206
-37.0884189354
-18.915435925
-57.3239595316
-22.2001237847
-20.8755723658
-25.4950887539
-67.851680438
-41.9937155457
-27.6804212127
-56.9623102108
-27.0336899596
-35.7857708508
-69.7602669818
-46.6951554584
-44.483950054
-48.5048632944
-54.4576972591
-143.488951485
-92.3390940495
-62.1202651148
-136.925133193
-80.905650333
-80.5969089023
-132.31756721
-80.182495015
-53.3945672413
-102.722329846
-85.2205454277
-50.5529647346
-109.643472813
-85.7788115678
-67.1656319398
-128.648232537
-68.4583499373
-198.035349131
-106.405807713
-85.7465031133
-115.19142123
-136.276481389
-126.216991297
-242.021418016
-136.301713961
-223.001439619
-180.791341194
-189.27322209
-96.4822533643
-57.5120541803
-46.9886350303
-95.2894066542
-77.1755506456
-103.269480915
-60.2922005057
-166.230876396
-104.174869366
-108.500237852
-92.5789213698
-143.53727391
-57.8204471497
-57.5176340295
-84.8315440255
-82.7225063818
-67.7108235239
-73.7153087816
-136.984129421
-48.4713426155
-92.8123398149
-128.650412659
-72.534158674
-96.3541017445
-102.960029025
-45.2234413265
-52.1196162415
-109.790760711
-87.587600462
-118.626579691
-63.785000038
-164.502009932
-95.3048770863
-23.6367188175
-100.917798697
-51.1159532898
-38.6657859668
-112.790323595
-56.2411190016
-76.2508936248
-128.682123547
-136.538930791
-27.2478265179
-35.8156952836
-27.4948915418
-34.705724875
-84.1472671504
-111.462807499
-58.6306847104
-85.4391324151
-130.108862593
-139.067463092
-80.0478419089
-34.8055393207
-38.7297017829
-55.4496838244
-110.476837917
-106.26505312
-62.9048048561
-43.2535568613
-45.2301713601
-61.9433206541
-86.1173240851
-129.807195445
-117.694338578
-67.2692440858
-69.1115506717
-164.879360129
-87.9071888939
-67.2574897843
-43.4467269928
-132.954467862
-87.8233013437
-93.1604247804
-54.5215992609
-135.890254417
-176.402217328
-75.1289667205
-51.7197588018
-58.6505386821
-115.739803242
-89.5506206782
-91.4043585202
-137.658618609
-120.913972388
-245.105865892
-132.471119671
-61.6513823663
-127.254641166
-86.2978587194
-85.2555674409
-66.8032779303
-81.2759473511
-150.951365222
-120.836749223
-144.391179807
-71.8627934327
-44.646241045
-108.925323427
-91.7974820036
-148.10224996
-70.6548151117
-122.918566855
-100.208529986
-161.308317748
-88.0369503392
-84.0321609432
-115.993291953
-79.6746729301
-52.1222845946
-102.665365963
-163.700168345
-77.3526838885
-46.5258863321
-99.4303130909
-121.983225134
-134.148106183
-85.6422489553
-53.9369275293
-67.1252823402
-148.886309342
-137.976096355
-69.1216600595
-34.0311016771
-82.742098399
-116.015687278
-147.747713153
-149.016945747
-204.350143935
-77.5501953527
-49.6069942587
-64.310991207
-124.579392748
-85.3395556119
-108.777779113
-142.369460027
-80.0709747197
-67.4246831527
-127.105063666
-84.6405041969
-132.786186396
-49.106898712
-127.479025417
-83.4254747829
-167.753686818
-121.144479246
-119.235905131
-83.6624795222
-34.6639739788
-113.91321752
-98.6069887574
-153.764538228
-75.4379521307
-99.5438314914
-57.5341718235
-85.8978001773
-167.242221163
-69.6831883125
-137.046891671
-72.0749386373
-43.6501397751
-105.490081176
-145.534045059
-59.9024247947
-146.360266029
-56.0450027544
-75.8298141393
-95.1392959249
-93.2766726409
-127.22231234
-99.1967581017
-153.934540506
-66.8811073439
-93.5873696243
-114.826291657
-82.2665454049
-38.1642845632
-120.290038303
-211.713092101
-84.5617806278
-78.3106038621
-87.0887847503
-224.401821583
-184.604168458
-148.298510399
-385.220221535
-194.244400292
-197.02904558
-176.290485418
-132.744231513
-103.877979643
-101.573879058
-56.8698774951
-63.7767085545
-69.3691159699
-202.632554316
-197.680453745
-59.3863567467
-45.7483045833
-180.459290578
-136.583437358
-132.823299041
-21.9483148835
-126.315612197
-131.623161458
-129.600173456
-168.994647951
-164.634329157
-102.942844328
-191.075147569
-46.5195342756
-120.555150912
-98.8593662666
-67.5957845263
-96.3658367496
-108.426794466
-84.5661563458
-82.4575843698
-216.970896277
-73.8902285123
-117.614821344
-148.920212565
-195.955579334
-38.9207764462
-104.8911754
-114.352533717
-117.026230859
-119.16853209
-140.596638343
-69.6439888734
-21.1226570831
-105.833426031
-154.882122102
-126.282953158
-71.3241209674
-46.4207243745
-115.841377721
-89.4349809308
-112.094561637
-55.0226919562
-160.393494994
-73.3287699458
-51.8930611646
-54.6636011093
-133.410712492
-64.1510040464
-177.212186095
-126.6466467
-50.2409138216
-76.485210597
-131.107950946
-83.550591577
-199.950195456
-46.9705213179
-94.4061161977
-79.8769673316
-270.139393149
-58.6059267732
-91.6634966284
-115.480787673
-109.413031961
-43.0254948559
-93.6731110237
-99.8390013301
-60.5881444947
-50.7513317391
-137.591475481
-71.2748725668
-66.2392521019
-84.6575429331
-108.64298842
-31.7464650155
-179.350458217
-52.1936317772
-123.338740329
-64.9228085885
-184.792659501
-52.7784940248
-42.639578407
-298.119235725
-263.238360567
-46.0517969061
-175.97112172
-207.162842695
-157.996993675
-220.408314739
-46.7574927962
-30.5147877892
-146.177502409
-71.1173835691
-112.862342334
-31.2848880049
-55.6762259077
-38.056923366
-47.1574517363
-81.0979862531
-71.9594811832
-55.8003340354
-103.826760524
-43.5029171943
-67.4897139581
-94.2915266512
-81.3262083124
-24.1674642222
-196.64512706
-68.5910568801
-81.035157578
-32.4174896511
-62.1999054666
-42.0249307722
-128.862500166
-23.2372217072
-131.215748039
-139.625803236
-105.923087147
-95.9970256715
-161.324304675
-19.4884898679
-72.3656703564
-126.886808024
-77.1717338637
-37.0694375975
-202.329161282
-120.980060789
-48.9571444861
-162.140029189
-224.643548329
-74.748929215
-184.321217206
-159.575685073
-88.1066659997
-76.1078718037
-73.8091560667
-60.8976079816
-17.8640879889
-155.757727729
-130.370814788
-111.888178793
-65.1490711752
-89.9064986091
-57.6817721804
-167.793221947
-18.0470584619
-73.7112380026
-100.519712228
-153.783756855
-70.5937237122
-71.277526205
-163.92408361
-139.074498004
-59.0244555061
-149.040777093
-29.1502260458
-54.9406661651
-19.0533469859
-77.6202745019
-149.12628243
-77.1671533266
-20.4881321084
-69.8311423315
-69.5205981038
-172.721247325
-98.361073575
-67.6058856696
-55.4991803564
-109.432985776
-135.678347601
-99.6182629584
-85.2694900195
-146.89345672
-80.9104897394
-116.209737168
-126.439281592
-55.0246418514
-50.8754925609
-65.0967176165
-75.7565933112
-144.798053032
-99.4212189002
-85.69751975
-74.9426795865
-116.025241611
-210.360429421
-56.5284155717
-127.724074089
-84.2779518419
-174.566600429
-99.931292723
-129.606577446
-59.4201392409
-49.068579286
-44.4199039026
-181.806067927
-19.4080973391
-34.0163646663
-102.512773655
-67.5278005949
-101.92779516
-97.3926601338
-79.1808764428
-97.9020176119
-74.5567912793
-112.47100268
-71.6095056209
-146.058024868
-60.9915391387
-152.539496294
-131.081608576
-123.65516727
-117.83928915
-105.027159022
-126.292464573
-86.376769247
-118.165482628
-30.66562399
-141.564759638
-87.0170184241
-78.2222425576
-69.113238259
-25.03507639
-130.001968529
-252.336310328
-86.2161577486
-87.2455387516
-73.348693159
-65.7396252418
-73.2778790033
-76.402793035
-86.6620816423
-77.7254113625
-121.707310665
-71.492594325
-56.2404520026
-148.375129622
-276.913807456
-41.5626084278
-112.186379263
-300.033815752
-106.421059504
-94.5712157202
-97.3441654121
-89.3094935638
-136.810395376
-138.806763936
-155.450194644
-157.716984467
-98.8175803215
-85.5225114569
-82.8449460019
-25.1718875427
-30.8175384855
-49.3179844758
-120.801049047
-28.5784420216
-98.9945071678
-31.203849897
-95.5593789581
-81.1113734505
-70.2896256638
-83.9946912509
-118.29101073
-101.46793174
-83.8738053818
-53.1242731561
-66.5573930278
-64.156997371
-52.7061818348
-44.8428541977
-50.9586872185
-130.276726087
-130.979160523
-90.0639680596
-60.3672700111
-112.017905247
-75.4375692722
-273.594720423
-20.994587463
-66.8161296822
-409.571467501
-89.2329030318
-65.5295434978
-91.7068364257
-109.091356587
-131.103534247
-100.831370221
-33.0411037624
-86.5461669422
-151.889419887
-124.795969371
-79.912861574
-35.3992438173
-46.4863375687
-109.679295879
-52.0362098252
-40.4119766923
-86.2901960278
-65.3328458854
-63.5058671839
-115.94829
-49.7029031764
-42.2177888369
-54.8671148256
-121.45752263
-128.251129466
-156.495466435
-151.24665532
-111.817015967
-109.27532622
-96.6582585989
-170.52185532
-120.538192256
-179.404220932
-210.206784367
-45.5647836081
-36.9390911279
-94.6592842325
-64.6393589185
-41.454167879
-93.9036573726
-99.7347880233
-61.609414562
-86.5723270651
-48.4011150145
-22.8615677047
-81.7784836812
-38.2569699764
-88.2737990239
-64.7680784105
-77.0957128655
-24.9591215467
-39.9053764773
-28.669351887
-86.8177455993
-130.097933985
-96.4182205436
-94.2495573199
-21.8328471123
-53.9881577631
-74.9889265402
-37.2821368288
-33.5813282564
-79.9817904053
-20.5615714423
-70.0700495592
-60.225951192
-36.7336825971
-61.5543200182
-115.21514159
-87.7362907085
-25.7303952927
-174.607907913
-67.698998761
-22.4450616002
-18.2396327007
-50.2036501027
-27.2983075267
-203.349352321
-28.8420946467
-19.1911190431
-113.312932562
-29.2501649978
-64.4698340325
-43.9908216261
-137.289225084
-131.771708669
-63.7776670232
-46.2813953773
-32.5828743022
-51.8575275386
-139.532605612
-60.5276036202
-54.6055662628
-86.3005299153
-96.0578304176
-173.815964124
-60.1650497702
-98.4483142799
-64.5152284724
-35.2165694607
-80.1023958043
-107.424612706
-98.1665500231
-67.4279698069
-86.4993742799
-125.41406785
-106.408921243
-103.484555172
-110.845839863
-86.4637496707
-149.464792458
-163.804440722
-82.2016987795
-124.955104211
-34.1291831149
-36.2722847562
-133.080603232
-46.2616508758
-68.8503762203
-145.414598338
-224.200430885
-137.853370179
-99.1283656272
-65.1147391009
-109.970936801
-129.579303826
-157.353293649
-116.419405617
-41.2337980272
-22.6854457537
-33.0894187186
-56.3717720186
-92.8081602825
-21.7164034761
-23.4690830882
-101.912550897
-155.71523498
-139.300511383
-159.081582619
-66.6923717977
-75.8905426731
-85.2767458064
-157.512990256
-98.6588022415
-57.7139307981
-111.116881392
-158.519260701
-68.2347517823
-69.9320805339
-61.9908867011
-54.9536415446
-95.9017665188
-47.1665186507
-56.0406313313
-68.5482025617
-77.3928869905
-124.920124253
-77.8050604923
-102.362619865
-44.2484738562
-58.9775626337
-81.8182878529
-89.6779082409
-68.737409237
-71.2246348877
-121.15753604
-96.0080175788
-77.5736604007
-86.5296023718
-75.3308951426
-31.5135968961
-75.246910064
-61.9931933957
-61.1573791579
-121.518900337
-82.6375634181
-57.3863651271
-62.7060489289
-59.0791756459
-106.328684849
-97.1294348212
-120.861752244
-66.1894487544
-63.5313809072
-80.3872412253
-38.2804510438
-29.7538633695
-65.1428943509
-185.997754613
-129.199380339
-83.4270417734
-70.663687469
-127.174579941
-74.3769140173
-81.248950435
-150.466898945
-93.220570523
-110.572088663
-109.159528722
-77.9820251229
-95.6691879816
-102.905443076
-85.6073046038
-49.7683562931
-47.5824976452
-38.8224164236
-188.973906196
-51.7930867245
-43.7863044491
-68.2716290865
-166.372539204
-83.0815950572
-181.554011367
-127.079547265
-59.8270865937
-88.6067175621
-276.850752857
-58.5021117904
-26.6218330737
-128.933196829
-77.0889954342
-128.046803599
-132.006258076
-30.2869170789
-57.1379102982
-39.6592648805
-96.8489452974
-78.1067108947
-57.916979701
-156.306373382
-76.8646783811
-80.7915488771
-57.3927156823
-99.9299665338
-70.1372696828
-105.408031676
-33.3817604767
-12.774543882
-135.168285714
-39.3296763851
-81.0062409382
-101.222837042
-24.0576421702
-75.6451253659
-119.996003503
-76.2401250941
-94.4430178871
-51.4565901276
-132.065401928
-66.3426692352
-68.643545457
-146.694494802
-85.4377071482
-122.226595305
-75.1823049881
-39.8148511004
-84.4596337342
-54.9384718477
-71.7174038366
-86.5301608208
-47.1176407334
-109.835136207
-79.0384728512
-299.757515297
-155.107474737
-52.4495101881
-125.710378926
-76.4200421258
-40.4229893542
-142.466661982
-71.5790873809
-108.43508916
-110.915544574
-134.460599787
-94.2448933882
-30.2158813241
-20.1103813056
-133.482359357
-119.979522182
-85.1681255793
-177.263642974
-68.944194096
-207.658773993
-42.2078021503
-86.749900252
-153.318418149
-79.0779598588
-200.221337496
-153.975700874
-64.7881696962
-180.164352271
-135.038330957
-106.059726414
-117.643009284
-62.950393914
-122.81056729
-146.595084817
-56.3234735577
-34.8175344223
-125.725245781
-202.010610414
-46.3993012317
-108.549391806
-254.854590784
-145.883927653
-93.0298541415
-39.5207589075
-148.008472666
-183.566264282
-78.0925536202
-38.1112186074
-115.30216432
-75.9618933077
-35.0058158122
-110.082893179
-159.544597635
-89.6900985822
-92.138165873
-37.9888497269
-121.160875878
-62.6650078857
-79.8861622767
-150.54472699
-41.5915054703
-62.3231568848
-100.046266298
-80.1855424424
-72.686736822
-111.331609061
-94.6298718316
-60.1762748379
-112.56912638
-252.218993986
-102.10544922
-124.658366901
-121.168978994
-151.496978907
-58.9655948113
-130.717441545
-86.6920921322
-69.351426389
-79.8586132463
-79.3261204137
-41.2972298815
-22.0471489555
-43.1759648318
-81.1519420496
-50.6435024814
-42.3701418524
-88.9539332162
-72.7256982787
-51.797127403
-89.6066151547
-54.1703418911
-91.0270495153
-63.8288208878
-118.101150229
-89.1606463622
-86.9135227311
-162.475016491
-148.909589176
-159.65144572
-95.3492336361
-139.278529478
-171.232071916
-66.7544653751
-106.424170193
-47.6031431423
-117.01355232
-75.5189198535
-159.360713545
-79.7883272575
-96.1585504915
-176.734486967
-81.5700112819
-57.1938238408
-41.1756309685
-29.6140720352
-73.036062642
-85.1702524665
-46.1274301812
-36.1201581783
-88.8961609516
-64.406786244
-77.2879170176
-53.5925150185
-82.8670816443
-38.2314777429
-18.0499491505
-65.3753002177
-67.5862573297
-109.554617788
-169.479954833
-69.9453023962
-90.606867688
-79.3703814112
-133.815790053
-18.0671746645
-94.2726415404
-51.6359179578
-49.7999439472
-126.459907387
-53.7969442976
-37.4992114439
-48.8142417931
-71.4724173192
-51.2559524201
-115.724342089
-56.1458705158
-50.4805541045
-96.1603992333
-42.1127367439
-95.4552702715
-53.6038420445
-18.1962101281
-72.4151320355
-72.0071474651
-125.551115528
-71.6820901397
-22.0040765054
-91.4791555267
-49.6844628029
-47.7891895689
-110.569702994
-42.0559668421
-112.478512999
-18.0590613858
-66.3532165306
-27.2079443264
-99.1602138991
-182.68515989
-96.8095513666
-24.0641753474
-52.7372390127
-67.1762116592
-87.7999695353
-114.943501395
-33.3796408437
-50.4719351549
-92.5395717982
-71.7857072507
-60.9731408716
-93.4936520049
-143.257038032
-158.572436598
-35.6723849115
-53.5931564568
-66.1252299598
-29.3942441918
-61.6613856056
-68.4769105192
-40.7864596987
-61.3829523171
-71.5411403229
-39.4347953164
-34.9267075437
-24.5678684209
-64.4418616996
-48.4963321839
-72.5940822568
-59.3588824721
-60.4626544038
-67.2650896184
-100.910729104
-43.9758153134
-89.6537708543
-81.3654001234
-69.0134548904
-61.4124106606
-117.433787584
-73.273621671
-94.4940811696
-41.9951621061
-133.752352615
-57.0523544614
-56.1837744768
-140.091064562
-61.0395357534
-49.0872938682
-38.1601096627
-76.8693085159
-29.839396055
-73.8069282044
-72.6643384643
-41.2670984976
-35.4681722529
-53.9771266164
-37.3194091243
-132.244697924
-80.7418534322
-45.045353237
-46.8015465662
-138.655892431
-77.4810372803
-76.278245789
-65.977745644
-47.4425184496
-88.9519468883
-22.9894551131
-56.3051113273
-52.5100360906
-140.126720521
-64.32400349
-110.846961145
-55.7439100696
-95.0948502275
-23.7478692854
-150.464587485
-42.3545736942
-157.083068272
-173.826308018
-125.672795829
-126.95898559
-108.234086663
-109.772664495
-180.001885101
-106.963686057
-45.9174696172
-94.8302143652
-38.862040034
-116.165699265
-98.5209178785
-63.2589148739
-134.843909213
-37.2611029907
-187.424654311
-120.289165789
-96.588905675
-112.509105433
-143.837913894
-148.744416525
-85.6435574327
-142.023471661
-87.7099251596
-89.8449283424
-118.423911621
-108.781584556
-122.766053478
-61.1801209174
-30.2542808069
-115.820598991
-55.7777167888
-87.7386175358
-230.47676669
-106.635261695
-51.1979409695
-129.884258137
-178.830516462
-39.327895799
-57.1365957297
-52.0846463391
-120.156929657
-102.881919246
-159.84816473
-107.865837879
-189.345951148
-80.0378576961
-79.1701901061
-106.741358478
-78.0555723723
-328.995534098
-53.6731628573
-139.743692123
-88.5569416209
-84.1048836734
-122.773864898
-99.1012946003
-103.186528132
-30.9462653582
-164.891808463
-56.6268920112
-147.859323482
-161.56466385
-81.4412790891
-134.800993798
-113.600518321
-58.1771521326
-87.4914981452
-103.895700848
-79.6951962071
-129.550350281
-36.2177520076
-116.940895381
-101.049368266
-133.411527489
-73.8170044142
-96.4030424544
-103.707487542
-66.1265707105
-47.594973537
-47.8865171055
-236.530847559
-120.011945041
-82.1983611636
-59.8241952665
-116.457612591
-46.9292050914
-148.230742551
-108.094153929
-39.8897888848
-104.375895649
-124.520128779
-65.1258529824
-84.5630173798
-61.0496447361
-69.6414230574
-144.271118164
-115.216631685
-113.117618383
-22.1579679289
-108.107287297
-81.4416434114
-94.2891208364
-46.936329385
-91.7687399986
-53.6203540853
-87.8272121094
-50.7590549407
-104.976158664
-114.883084707
-160.632970552
-210.254884593
-54.5143706422
-104.438853048
-56.1611095332
-26.7245944666
-99.3297404505
-56.3258985141
-126.880304817
-110.356062929
-100.149385983
-53.4284445872
-86.3326862681
-72.6563252488
-74.6774008585
-35.3009808883
-38.628353625
-96.8269197883
-105.917115123
-91.4095907627
-33.3928858921
-31.7189144697
-42.6798055723
-142.467785917
-24.6514580014
-79.2511203332
-94.7996852688
-114.672483264
-31.4763218324
-108.139443045
-75.7445137588
-136.47462274
-104.896445211
-101.560938378
-68.4578105477
-37.7890870135
-45.2224989952
-80.593651015
-146.692018077
-82.8217076909
-135.985527632
-35.5469517998
-41.2706384865
-46.0362973998
-108.914999835
-36.4792572907
-90.5760213552
-81.810141837
-40.0329248538
-79.7587098599
-85.4130032698
-132.344302343
-133.991032075
-138.143944674
-83.6698589959
-74.6465677785
-21.6364076792
-91.9833224782
-86.0894563957
-163.775919446
-94.9169683743
-104.110308895
-116.819711468
-116.458160442
-96.0336979872
-199.347283036
-87.5900531946
-152.72772089
-79.9195542619
-46.7373096718
-96.4258169055
-71.1573343757
-55.7214822843
-54.4866126102
-182.484024081
-116.62787689
-41.6904262651
-150.345088568
-167.864314889
-79.8173610553
-70.4678369265
-54.0768377783
-61.1252315651
-46.2772792855
-46.1712129009
-64.4347589397
-96.4320734877
-84.5234511137
-31.9504274073
-46.0436956128
-44.0331230743
-90.385610881
-124.5821772
-96.9924767083
-120.455425018
-23.3098600383
-132.718701751
-109.375864419
-70.9422845341
-80.4435288617
-46.9310505065
-168.76214274
-52.3058777948
-44.2959312591
-86.2353846557
-83.2976894399
-67.4530505178
-140.318534111
-80.8317366315
-54.8612568912
-70.8489359368
-72.6934605981
-75.9561524666
-83.4087842116
-75.2876272343
-77.186847527
-79.7311587435
-67.5154480803
-61.4457667206
-70.8897300847
-96.657828626
-63.1974846991
-132.745764781
-191.770443845
-44.898451445
-50.1498153117
-53.7820914872
-110.351960074
-203.358803502
-82.5195399398
-132.591161765
-71.8859589551
-94.6690723003
-144.775803848
-69.3558476505
-189.232934906
-37.2442732295
-86.7511211992
-60.2132096025
-39.8260032437
-83.765225498
-119.64328847
-79.1280360467
-50.7535779308
-65.7731495265
-117.747931259
-22.2175898181
-27.5815340319
-97.8116864462
-124.632560292
-206.329658043
-57.9659855104
-85.2838015298
-72.529796383
-108.612052113
-130.260196601
-76.574566151
-45.8878784744
-33.8195394777
-49.9754297308
-74.9722372573
-153.43969766
-54.4595736062
-72.0824847426
-86.321690544
-69.9172317858
-85.9671576848
-69.1790794619
-92.8730644298
-94.5785135188
-39.6857444684
-63.0900341907
-111.385148995
-28.0752811681
-64.4841412228
-106.417282779
-64.4000576096
-51.1826472158
-170.17271179
-89.9423232257
-35.7449559733
-53.5238760249
-94.8967021817
-77.3495231731
-131.197022381
-63.6734703677
-68.9045006677
-54.8625036327
-94.3610687602
-85.4784986064
-64.6070386156
-73.707236671
-54.642336374
-116.201614742
-147.88839061
-153.219785272
-77.5128425876
-32.5968903852
-55.1557961001
-65.4823099375
-89.2471947603
-65.9879256264
-43.0104756385
-79.9052934058
-125.498239757
-37.8251595476
-124.470046319
-167.612925089
-130.923752818
-125.488270034
-85.8870188595
-55.6029573311
-100.967104682
-98.3240189202
-100.22589708
-193.496228162
-89.0850332121
-184.990336942
-193.797986381
-239.379310311
-141.835388274
-74.7187903073
-172.493166594
-112.657715743
-161.107288099
-128.653686965
-130.476123416
-76.6729706129
-165.842524593
-162.246888172
-145.531137443
-20.6710017507
-126.198712619
-175.629153396
-116.361241622
-59.9928815549
-71.3936494764
-107.88765293
-71.7404683534
-35.4255679871
-50.2426257275
-76.6075755258
-22.8203258875
-52.2057562626
-88.0713294921
-88.3030404145
-51.8007319067
-52.5401564792
-88.5523382338
-86.7938896919
-66.9564862236
-59.1255443969
-38.9821541553
-60.962243304
-65.7894502108
-114.735718747
-33.5704750256
-83.194040778
-30.3933620016
-66.4151670999
-34.336040435
-76.1796170413
-60.8706304404
-57.9006840745
-71.3891929211
-73.9429485257
-66.1610621082
-75.2405420634
-43.8136586916
-31.5002843956
-59.3863704967
-89.6734303087
-22.2986225548
-61.2017619364
-89.5151070056
-158.541300523
-50.8627705241
-33.415170652
-66.7173609325
-141.15669069
-89.9396218092
-178.446165052
-69.4369518672
-40.3004771634
-100.50170624
-83.7950858625
-41.2198318938
-109.492361964
-83.5078148508
-25.5531325846
-41.7987651091
-144.140526408
-74.466176863
-41.396028103
-53.5645598951
-110.167964791
-109.204775142
-157.964098997
-76.6115498269
-127.053846965
-63.4586815473
-77.649018352
-41.7343469062
-78.4423322533
-70.4106563362
-69.8332506804
-73.9721992965
-100.670504347
-59.1441568923
-72.7993765938
-122.442374567
-31.4795740932
-12.2422561609
-35.7160943322
-12.6541672546
-47.8659530566
-12.6732312971
-82.198295965
-13.6448055688
-48.608262569
-13.9132560328
-79.6885025214
-44.4864220237
-87.1905954718
-122.855828091
-157.9496991
-33.2630281539
-115.976410818
-81.2582092539
-17.7744591187
-142.339270678
-88.1797470156
-55.6201297049
-124.082431235
-83.8905201443
-154.87444648
-182.003241663
-85.1724857917
-73.2150715769
-156.985030391
-89.1836559147
-126.862083963
-72.6409377059
-52.9529051594
-94.9970687366
-52.3405436476
-96.5025533605
-133.252364198
-25.2960943013
-33.9922465179
-116.214745688
-87.500035987
-102.796835678
-94.7642219927
-73.9948509048
-118.618258775
-33.7407566815
-77.7241207414
-67.5785899425
-96.2174652249
-58.3589323415
-48.6182432733
-75.9348074686
-83.1210647979
-52.4027455993
-52.5241126596
-116.695183987
-98.3745486883
-57.4780577228
-112.825514319
-162.400887089
-142.458453549
-123.671940126
-169.529267304
-94.0064844708
-80.7061375609
-47.3794464809
-71.3665444935
-44.5930457042
-59.6463092738
-62.5322160552
-90.9346762831
-96.9250111133
-106.581133292
-60.4982742816
-38.803361071
-99.0887470319
-116.317363615
-81.4596414074
-145.405782271
-157.346344041
-71.6773627205
-43.5003770311
-54.2131343244
-91.5701027829
-119.274639849
-75.5166399993
-130.171210153
-98.8411183408
-141.292415803
-66.3160814135
-31.8117076341
-120.739131172
-57.2153231892
-123.78172091
-77.6126373824
-73.0436002964
-62.219279692
-84.9006476747
-77.7833511641
-109.560583122
-105.092081977
-118.101622793
-64.994664575
-46.5477540554
-108.610322365
-115.309883904
-71.6469795088
-150.998450494
-151.388574118
-65.2184849605
-110.778495316
-41.2737090169
-61.254372404
-179.330519095
-80.8444531221
-83.182710797
-120.543076595
-107.724497981
-145.637026767
-141.986550001
-118.784637899
-57.3972531614
-32.8155347311
-26.8339080069
-118.030832224
-75.5908990409
-54.1864176945
-31.5437517797
-92.1552261524
-47.9039725941
-94.292682937
-148.712408295
-73.6307745181
-62.4538633914
-81.5869772054
-97.3142964304
-51.1558024267
-82.3566139759
-26.5067475991
-122.268856139
-134.73146728
-91.3926649592
-64.7188435326
-75.8549285172
-82.7158068864
-85.3361147851
-84.800771684
-105.634835204
-56.9504413864
-73.5660782012
-56.9428100959
-138.746106861
-102.565995213
-107.328432198
-126.131324058
-134.000884403
-48.4697363874
-55.0544744336
-54.8009718279
-96.7237505017
-105.763701373
-133.140878875
-76.6862894604
-175.650075739
-89.2728942789
-61.758040282
-82.3402597534
-25.1567334571
-104.65631554
-29.7854366221
-67.118660437
-70.813150782
-141.438957978
-118.582437957
-80.0533721447
-72.4468884053
-25.0420189503
-138.304873068
-71.2538620959
-58.9420362887
-68.833277946
-64.8381471762
-104.521762991
-152.458446239
-20.7091259168
-63.028551616
-122.794289075
-57.1440408743
-40.7356146875
-45.9873824297
-132.236009899
-54.8727195909
-66.8989582084
-52.9107390637
-149.797684736
-43.4019879842
-75.0774837001
-105.764508592
-109.333093014
-93.5868770154
-85.7874069978
-154.706229129
-54.576626163
-51.9842810888
-107.049154846
-58.9762209043
-69.7573886006
-68.3184362527
-100.286541894
-177.159636063
-223.589761587
-59.4013730333
-89.2163113865
-68.6997338498
-66.6937960308
-96.2513977893
-88.3140882046
-145.429110417
-112.653609762
-53.9918547758
-109.222828769
-93.3240693637
-112.880108951
-301.173707693
-108.317935344
-25.8006001097
-138.010159463
-221.877842559
-90.4724498217
-75.3725224264
-100.175774883
-55.6688608246
-183.782547053
-133.103087618
-196.829292115
-95.3431848024
-129.939383543
-177.220259678
-54.6861455118
-62.1696887588
-180.897683894
-143.312745406
-30.6058073817
-203.268710295
-94.86265822
-53.8728395834
-98.7633070611
-118.444824855
-62.2908109704
-59.0338239028
-58.9654901498
-154.511587824
-59.9710259783
-123.681460925
-25.9793441484
-128.754423013
-147.091448676
-150.661733151
-69.4642380876
-79.2628902022
-120.038653804
-152.367820185
-85.3757017488
-167.174368828
-72.2210322306
-26.8465382851
-103.363847521
-53.0584852615
-68.4369066426
-95.6995422823
-106.327065613
-189.230409989
-146.147278946
-164.871559354
-155.946925494
-133.43977257
-106.751935028
-233.241237393
-66.8865465078
-68.4776602081
-107.107790391
-31.7871504489
-66.0828368839
-50.5434802433
-161.860381816
-38.2465835798
-145.861643222
-48.6951726846
-28.0586694621
-62.8224962115
-93.2419911592
-159.56871797
-143.436792684
-35.8374999613
-36.8713338213
-142.609692222
-75.0727728908
-143.741455476
-154.792639524
-172.683982374
-49.599950953
-93.9718953477
-59.4750409654
-56.2904348456
-62.8221263985
-36.9213720138
-30.2003697136
-113.631724057
-119.69718318
-141.686695842
-76.808145333
-93.8200287995
-64.7498900604
-82.0132793352
-52.3035751962
-82.5336847132
-53.2774622393
-99.5981648453
-67.7669896526
-43.7847794553
-55.274924955
-34.6597297422
-104.337738756
-177.824304647
-115.34164887
-30.9198115741
-116.058183308
-198.50627307
-123.089181649
-95.442838705
-86.6821339918
-42.6974441063
-59.8146106734
-58.3584606026
-43.2702522967
-49.8019413128
-87.4053323346
-100.941274992
-66.1162505542
-42.6342140979
-127.844219339
-116.109942834
-86.1355012733
-43.3044478297
-131.777550896
-71.9769649047
-77.5914526071
-70.2652238066
-28.7406880876
-78.8744311831
-84.6223638081
-20.6394209245
-81.7198680695
-40.0649571255
-63.1429553086
-65.4638912933
-31.6483420028
-59.5043462873
-84.8892151547
-94.335235936
-73.9033001556
-73.4133064688
-20.7140617918
-40.4000970136
-20.6230781432
-75.3085492944
-111.341104684
-17.8274685514
-135.889663648
-189.68158996
-113.163546302
-191.393137367
-55.4243807995
-14.9247624885
-62.9054261503
-28.9704866799
-37.6048529075
-136.437966256
-95.722767048
-73.7100314626
-32.0820057913
-79.9677057662
-89.8580754699
-30.9037349914
-14.6935885617
-21.549732414
-20.0080866906
-20.6002751057
-169.088357111
-48.7616375224
-78.4563152206
-100.446192196
-49.5473478529
-44.8994863819
-82.1273556894
-103.964507986
-25.6865490091
-45.4752318307
-32.49865819
-64.8475298634
-93.2970225713
-34.0102490109
-35.2799595568
-92.0708780345
-110.24398864
-106.39873392
-174.363255797
-243.747317161
-96.9841153196
-91.0489720744
-85.800265345
-108.903186371
-34.780066447
-230.610294742
-92.7477570016
-149.824421021
-63.2178166229
-61.2690486109
-89.5025829559
-129.515306749
-36.6247290292
-31.2565135904
-63.7644087026
-131.489764335
-54.0471453242
-47.9563604921
-54.164518674
-145.790724867
-43.5933841788
-80.7816246221
-78.8833661638
-73.2815220298
-160.903257419
-118.355407667
-51.9775256932
-33.7248694727
-81.39651198
-87.1786936314
-98.6947023302
-40.6269154325
-96.5265375163
-67.516575702
-61.3068423918
-115.810934343
-61.4227360894
-16.7000235998
-143.691591242
-67.9427200675
-143.230870981
-145.590911029
-33.8531192919
-29.7241655238
-25.0871175945
-123.866319123
-45.8583445027
-69.141837423
-226.842048386
-34.6695781831
-25.0283494513
-19.3284234691
-20.1270894343
-63.4287467876
-104.387312815
-33.5486495848
-168.63820276
-54.2804295581
-31.2154082873
-22.6912863031
-142.96703867
-127.157074809
-45.3527266947
-74.657015172
-172.49309639
-124.740332913
-94.7314960297
-63.1102216078
-89.1391695933
-21.2091255607
-14.5089934851
-105.53868425
-33.835827866
-41.4441339264
-28.5822080019
-76.3789738442
-38.1784194608
-28.7722536937
-46.8783590408
-112.875832118
-52.5578475367
-87.1921626053
-33.0425952845
-50.8847092809
-72.8547353788
-91.2594745484
-70.8494845002
-48.0629933973
-38.3494630278
-79.0651158266
-70.3757127106
-112.167434938
-72.6952374286
-62.2497056895
-151.184665073
-42.4671532241
-89.9240859847
-64.3800487825
-102.723212706
-58.5212727971
-45.0752181248
-42.9419884559
-109.530792775
-64.3678570551
-61.4115989152
-62.0113245549
-119.148615224
-76.4781375666
-74.4362681253
-95.4965157053
-98.2305671836
-33.366410696
-34.2164250544
-53.8194660324
-48.0308350104
-52.6131044042
-72.4954399642
-46.0224475596
-97.6995103862
-97.4670923062
-115.06471544
-109.836852813
-41.6247188805
-234.498806841
-78.6191387672
-67.2580648831
-54.7958667583
-37.7628891316
-57.3790783895
-104.154126674
-72.1215101626
-67.1044742345
-78.6771208025
-94.6546654523
-120.951422818
-26.4238058669
-94.7842621453
-66.5596364705
-51.5592603973
-86.4082755478
-127.270890362
-70.9664611547
-70.9466445572
-89.1559289514
-100.767598734
-97.2169226538
-122.137721019
-74.8321593077
-162.72932995
-112.844342248
